% File written by heat1Dmpi.C
xa=0; xb=1; ya=0; yb=1; kappa=0.1; t=0.1; maxErr= 1.349e-15; cpuTimeStep= 1.130e-04;
n1a=0; n1b=16; nd1a=-1; nd1b=17;
n2a=0; n2b=16; nd2a=-1; nd2b=17;
dx(1)=  6.250000e-02; dx(2)=  6.250000e-02; numGhost=1;
option=2; optionName='c-Indexing';
uFinal=[    1.946915473937988e-01,    2.007695312500000e-01,    2.072396430969238e-01,    2.141018829345702e-01,    2.213562507629395e-01,    2.290027465820314e-01,    2.370413703918458e-01,    2.454721221923829e-01,    2.542950019836427e-01,    2.635100097656252e-01,    2.731171455383303e-01,    2.831164093017578e-01,    2.935078010559083e-01,    3.042913208007813e-01,    3.154669685363771e-01,    3.270347442626953e-01,    3.389946479797363e-01,    3.513466796875002e-01,    3.640908393859864e-01;
    1.997636718750000e-01,    2.060000000000000e-01,    2.126386718750000e-01,    2.196796875000000e-01,    2.271230468750000e-01,    2.349687500000000e-01,    2.432167968750000e-01,    2.518671875000000e-01,    2.609199218750000e-01,    2.703750000000000e-01,    2.802324218750000e-01,    2.904921875000000e-01,    3.011542968750001e-01,    3.122187500000000e-01,    3.236855468750000e-01,    3.355546875000000e-01,    3.478261718750000e-01,    3.605000000000000e-01,    3.735761718750000e-01;
    2.071767768859863e-01,    2.136445312500000e-01,    2.205295600891113e-01,    2.278318634033203e-01,    2.355514411926269e-01,    2.436882934570312e-01,    2.522424201965332e-01,    2.612138214111328e-01,    2.706024971008301e-01,    2.804084472656250e-01,    2.906316719055175e-01,    3.012721710205078e-01,    3.123299446105957e-01,    3.238049926757813e-01,    3.356973152160644e-01,    3.480069122314453e-01,    3.607337837219238e-01,    3.738779296875000e-01,    3.874393501281738e-01;
    2.169308624267578e-01,    2.237031250000000e-01,    2.309123077392578e-01,    2.385584106445313e-01,    2.466414337158203e-01,    2.551613769531250e-01,    2.641182403564453e-01,    2.735120239257812e-01,    2.833427276611328e-01,    2.936103515625000e-01,    3.043148956298828e-01,    3.154563598632812e-01,    3.270347442626953e-01,    3.390500488281250e-01,    3.515022735595703e-01,    3.643914184570312e-01,    3.777174835205078e-01,    3.914804687500000e-01,    4.056803741455078e-01;
    2.290259284973146e-01,    2.361757812500000e-01,    2.437869148254394e-01,    2.518593292236328e-01,    2.603930244445801e-01,    2.693880004882813e-01,    2.788442573547363e-01,    2.887617950439453e-01,    2.991406135559082e-01,    3.099807128906250e-01,    3.212820930480957e-01,    3.330447540283203e-01,    3.452686958312988e-01,    3.579539184570312e-01,    3.711004219055176e-01,    3.847082061767578e-01,    3.987772712707519e-01,    4.133076171875000e-01,    4.282992439270023e-01;
    2.434619750976564e-01,    2.510625000000000e-01,    2.591533813476563e-01,    2.677346191406250e-01,    2.768062133789062e-01,    2.863681640625000e-01,    2.964204711914062e-01,    3.069631347656250e-01,    3.179961547851562e-01,    3.295195312500001e-01,    3.415332641601562e-01,    3.540373535156250e-01,    3.670317993164062e-01,    3.805166015625000e-01,    3.944917602539063e-01,    4.089572753906250e-01,    4.239131469726564e-01,    4.393593750000001e-01,    4.552959594726563e-01;
    2.602390022277832e-01,    2.683632812500000e-01,    2.770117073059082e-01,    2.861842803955079e-01,    2.958810005187988e-01,    3.061018676757812e-01,    3.168468818664551e-01,    3.281160430908203e-01,    3.399093513488770e-01,    3.522268066406250e-01,    3.650684089660645e-01,    3.784341583251953e-01,    3.923240547180175e-01,    4.067380981445312e-01,    4.216762886047364e-01,    4.371386260986329e-01,    4.531251106262207e-01,    4.696357421875000e-01,    4.866705207824706e-01;
    2.793570098876954e-01,    2.880781250000000e-01,    2.973618927001953e-01,    3.072083129882812e-01,    3.176173858642578e-01,    3.285891113281250e-01,    3.401234893798828e-01,    3.522205200195312e-01,    3.648802032470703e-01,    3.781025390625000e-01,    3.918875274658203e-01,    4.062351684570312e-01,    4.211454620361328e-01,    4.366184082031250e-01,    4.526540069580078e-01,    4.692522583007813e-01,    4.864131622314453e-01,    5.041367187500001e-01,    5.224229278564456e-01;
    3.008159980773928e-01,    3.102070312500000e-01,    3.202039375305176e-01,    3.308067169189454e-01,    3.420153694152833e-01,    3.538298950195313e-01,    3.662502937316895e-01,    3.792765655517579e-01,    3.929087104797364e-01,    4.071467285156251e-01,    4.219906196594239e-01,    4.374403839111328e-01,    4.534960212707519e-01,    4.701575317382812e-01,    4.874249153137207e-01,    5.052981719970704e-01,    5.237773017883300e-01,    5.428623046875001e-01,    5.625531806945805e-01;
    3.246159667968752e-01,    3.347500000000000e-01,    3.455378417968750e-01,    3.569794921875000e-01,    3.690749511718750e-01,    3.818242187500000e-01,    3.952272949218750e-01,    4.092841796875001e-01,    4.239948730468750e-01,    4.393593750000001e-01,    4.553776855468750e-01,    4.720498046875000e-01,    4.893757324218750e-01,    5.073554687500000e-01,    5.259890136718751e-01,    5.452763671874999e-01,    5.652175292968750e-01,    5.858125000000000e-01,    6.070612792968748e-01;
    3.507569160461425e-01,    3.617070312500000e-01,    3.733636054992676e-01,    3.857266387939454e-01,    3.987961311340332e-01,    4.125720825195313e-01,    4.270544929504395e-01,    4.422433624267578e-01,    4.581386909484864e-01,    4.747404785156250e-01,    4.920487251281739e-01,    5.100634307861328e-01,    5.287845954895020e-01,    5.482122192382813e-01,    5.683463020324707e-01,    5.891868438720703e-01,    6.107338447570800e-01,    6.329873046875001e-01,    6.559472236633305e-01;
    3.792388458251952e-01,    3.910781250000000e-01,    4.036812286376953e-01,    4.170481567382812e-01,    4.311789093017578e-01,    4.460734863281250e-01,    4.617318878173828e-01,    4.781541137695312e-01,    4.953401641845703e-01,    5.132900390625000e-01,    5.320037384033204e-01,    5.514812622070313e-01,    5.717226104736329e-01,    5.927277832031249e-01,    6.144967803955078e-01,    6.370296020507813e-01,    6.603262481689454e-01,    6.843867187500000e-01,    7.092110137939452e-01;
    4.100617561340333e-01,    4.228632812500001e-01,    4.364907112121582e-01,    4.509440460205079e-01,    4.662232856750489e-01,    4.823284301757813e-01,    4.992594795227051e-01,    5.170164337158203e-01,    5.355992927551270e-01,    5.550080566406251e-01,    5.752427253723145e-01,    5.963032989501953e-01,    6.181897773742676e-01,    6.409021606445313e-01,    6.644404487609864e-01,    6.888046417236330e-01,    7.139947395324707e-01,    7.400107421875001e-01,    7.668526496887211e-01;
    4.432256469726561e-01,    4.570625000000000e-01,    4.717920532226563e-01,    4.874143066406250e-01,    5.039292602539063e-01,    5.213369140625000e-01,    5.396372680664063e-01,    5.588303222656251e-01,    5.789160766601563e-01,    5.998945312500000e-01,    6.217656860351563e-01,    6.445295410156250e-01,    6.681860961914063e-01,    6.927353515625000e-01,    7.181773071289064e-01,    7.445119628906250e-01,    7.717393188476562e-01,    7.998593750000000e-01,    8.288721313476562e-01;
    4.787305183410645e-01,    4.936757812500000e-01,    5.095852546691895e-01,    5.264589385986329e-01,    5.442968330383302e-01,    5.630989379882813e-01,    5.828652534484864e-01,    6.035957794189454e-01,    6.252905158996582e-01,    6.479494628906252e-01,    6.715726203918458e-01,    6.961599884033204e-01,    7.217115669250489e-01,    7.482273559570313e-01,    7.757073554992675e-01,    8.041515655517579e-01,    8.335599861145020e-01,    8.639326171875000e-01,    8.952694587707523e-01;
