% File written by heat1Dmpi.C
xa=0; xb=1; kappa=0.1; t=0.1; maxErr= 1.925e-16; cpuTimeStep= 4.900e-05;
Nx=10; dx=  1.000000e-01; numGhost=1; n1a=0; n1b=10; nd1a=-1; nd1b=11;
solutionName='polyDD';
x=[-1.000000000000000e-01 0.000000000000000e+00 1.000000000000000e-01 2.000000000000000e-01 3.000000000000000e-01 4.000000000000000e-01 5.000000000000000e-01 6.000000000000001e-01 ...
7.000000000000001e-01 8.000000000000000e-01 9.000000000000000e-01 1.000000000000000e+00 1.100000000000000e+00 ];
u=[9.810750000000001e-01 1.030000000000000e+00 1.084075000000000e+00 1.143300000000000e+00 1.207675000000000e+00 1.277200000000000e+00 1.351875000000000e+00 1.431700000000000e+00 ...
1.516675000000000e+00 1.606800000000000e+00 1.702075000000000e+00 1.802500000000000e+00 1.908075000000000e+00 ];
err=[1.022959494889619e-16 0.000000000000000e+00 1.029620833037370e-16 7.478462293875054e-17 -7.787104294720848e-17 -1.329603094291087e-16 1.249000902703301e-16 -1.924682635490171e-16 ...
3.181899188575698e-17 1.316280417995586e-16 1.002975480446366e-16 -5.551115123125783e-17 -1.204147892508445e-16 ];
