% File written by heat1dImp.C
xa=0; xb=1; kappa=0.1; t=1; maxErr= 4.742e-03; cpuTimeStep= 3.310e-04;
Nx=40; dx=  2.500000e-02; numGhost=1; n1a=0; n1b=40; nd1a=-1; nd1b=41;
solutionName='trueDD';
x=[-2.500000000000000e-02 0.000000000000000e+00 2.500000000000000e-02 5.000000000000000e-02 7.500000000000001e-02 1.000000000000000e-01 1.250000000000000e-01 1.500000000000000e-01 ...
1.750000000000000e-01 2.000000000000000e-01 2.250000000000000e-01 2.500000000000000e-01 2.750000000000000e-01 3.000000000000000e-01 3.250000000000000e-01 3.500000000000000e-01 ...
3.750000000000000e-01 4.000000000000000e-01 4.250000000000000e-01 4.500000000000000e-01 4.750000000000000e-01 5.000000000000000e-01 5.250000000000000e-01 5.500000000000000e-01 ...
5.750000000000001e-01 6.000000000000001e-01 6.250000000000000e-01 6.500000000000000e-01 6.750000000000000e-01 7.000000000000001e-01 7.250000000000001e-01 7.500000000000000e-01 ...
7.750000000000000e-01 8.000000000000000e-01 8.250000000000001e-01 8.500000000000001e-01 8.750000000000000e-01 9.000000000000000e-01 9.250000000000000e-01 9.500000000000001e-01 ...
9.750000000000001e-01 1.000000000000000e+00 1.025000000000000e+00 ];
u=[-3.434991882455188e-05 0.000000000000000e+00 3.255113776913710e-05 6.330349448285940e-05 9.055769001324868e-05 1.128076531763012e-04 1.288238474653292e-04 1.377212154340686e-04 ...
1.390080871120646e-04 1.326133497655154e-04 1.188903775982632e-04 9.859750423703154e-05 7.285611709448181e-05 4.308868932225989e-05 1.094017371817166e-05 -2.181289762730785e-05 ...
-5.336058477718616e-05 -8.195955751702258e-05 -1.060294320601244e-04 -1.242401033072037e-04 -1.355852466659236e-04 -1.394379277080816e-04 -1.355852466659233e-04 -1.242401033072030e-04 ...
-1.060294320601232e-04 -8.195955751702111e-05 -5.336058477718439e-05 -2.181289762730579e-05 1.094017371817390e-05 4.308868932226231e-05 7.285611709448432e-05 9.859750423703408e-05 ...
1.188903775982657e-04 1.326133497655178e-04 1.390080871120668e-04 1.377212154340706e-04 1.288238474653310e-04 1.128076531763027e-04 9.055769001324987e-05 6.330349448286024e-05 ...
3.255113776913754e-05 5.098575438155185e-20 -3.434991882455224e-05 ];
err=[0.000000000000000e+00 0.000000000000000e+00 1.543465981205440e-07 3.001639786563714e-07 4.293942499443827e-07 5.348961266193262e-07 6.108395581798495e-07 6.530278985074063e-07 ...
6.591298131991660e-07 6.288081094778209e-07 5.637383695185230e-07 4.675163575109287e-07 3.454593171576566e-07 2.043121399408478e-07 5.187464134467814e-08 -1.034294581893767e-07 ...
-2.530180293960430e-07 -3.886247840150620e-07 -5.027560711969047e-07 -5.891049778417447e-07 -6.428998496211115e-07 -6.611679733560896e-07 -6.428998496207591e-07 -5.891049778409586e-07 ...
-5.027560711958341e-07 -3.886247840136390e-07 -2.530180293941727e-07 -1.034294581873269e-07 5.187464134690923e-08 2.043121399431314e-07 3.454593171601502e-07 4.675163575134901e-07 ...
5.637383695210302e-07 6.288081094802333e-07 6.591298132014158e-07 6.530278985094663e-07 6.108395581816385e-07 5.348961266208170e-07 4.293942499455211e-07 3.001639786572794e-07 ...
1.543465981209980e-07 0.000000000000000e+00 0.000000000000000e+00 ];
