% File written by heat1d.C
xa=0; xb=1; kappa=0.1; t=0.2; maxErr= 3.499e-04; cpuTimeStep= 3.540e-04;
Nx=80; dx=  1.250000e-02; numGhost=1; n1a=0; n1b=80; nd1a=-1; nd1b=81;
solutionName='trueDD';
x=[-1.250000000000000e-02 0.000000000000000e+00 1.250000000000000e-02 2.500000000000000e-02 3.750000000000001e-02 5.000000000000000e-02 6.250000000000000e-02 7.500000000000001e-02 ...
8.750000000000001e-02 1.000000000000000e-01 1.125000000000000e-01 1.250000000000000e-01 1.375000000000000e-01 1.500000000000000e-01 1.625000000000000e-01 1.750000000000000e-01 ...
1.875000000000000e-01 2.000000000000000e-01 2.125000000000000e-01 2.250000000000000e-01 2.375000000000000e-01 2.500000000000000e-01 2.625000000000000e-01 2.750000000000000e-01 ...
2.875000000000000e-01 3.000000000000000e-01 3.125000000000000e-01 3.250000000000000e-01 3.375000000000000e-01 3.500000000000000e-01 3.625000000000000e-01 3.750000000000000e-01 ...
3.875000000000000e-01 4.000000000000000e-01 4.125000000000000e-01 4.250000000000000e-01 4.375000000000000e-01 4.500000000000000e-01 4.625000000000000e-01 4.750000000000000e-01 ...
4.875000000000000e-01 5.000000000000000e-01 5.125000000000001e-01 5.250000000000000e-01 5.375000000000000e-01 5.500000000000000e-01 5.625000000000000e-01 5.750000000000001e-01 ...
5.875000000000000e-01 6.000000000000001e-01 6.125000000000000e-01 6.250000000000000e-01 6.375000000000001e-01 6.500000000000000e-01 6.625000000000001e-01 6.750000000000000e-01 ...
6.875000000000000e-01 7.000000000000001e-01 7.125000000000000e-01 7.250000000000001e-01 7.375000000000000e-01 7.500000000000000e-01 7.625000000000001e-01 7.750000000000000e-01 ...
7.875000000000001e-01 8.000000000000000e-01 8.125000000000000e-01 8.250000000000001e-01 8.375000000000000e-01 8.500000000000001e-01 8.625000000000000e-01 8.750000000000000e-01 ...
8.875000000000001e-01 9.000000000000000e-01 9.125000000000001e-01 9.250000000000000e-01 9.375000000000000e-01 9.500000000000001e-01 9.625000000000000e-01 9.750000000000001e-01 ...
9.875000000000000e-01 1.000000000000000e+00 1.012500000000000e+00 ];
u=[-2.020764363580380e-02 0.000000000000000e+00 1.993133383890362e-02 3.958635788090707e-02 5.869259283561210e-02 7.698516732298308e-02 9.421048980809114e-02 1.101297641623946e-01 ...
1.245223001150273e-01 1.371885727010221e-01 1.479529882930782e-01 1.566663188711328e-01 1.632077707832504e-01 1.674866593184188e-01 1.694436658765047e-01 1.690516603071145e-01 ...
1.663160770172043e-01 1.612748396334291e-01 1.539978352636410e-01 1.445859456458966e-01 1.331696486162378e-01 1.199072092832175e-01 1.049824859850746e-01 8.860238144576282e-02 ...
7.099397446467642e-02 5.240137190370447e-02 3.308232461278966e-02 1.330465420770551e-02 -6.657459764059679e-03 -2.652728079797403e-02 -4.602935185444854e-02 -6.489331404349116e-02 ...
-8.285765463327387e-02 -9.967333242364783e-02 -1.151072302257408e-01 -1.289453865856160e-01 -1.409959619503274e-01 -1.510918981561583e-01 -1.590932343703266e-01 -1.648890473800591e-01 ...
-1.683989893306394e-01 -1.695744015946352e-01 -1.683989893306394e-01 -1.648890473800591e-01 -1.590932343703267e-01 -1.510918981561584e-01 -1.409959619503275e-01 -1.289453865856160e-01 ...
-1.151072302257408e-01 -9.967333242364783e-02 -8.285765463327387e-02 -6.489331404349113e-02 -4.602935185444852e-02 -2.652728079797399e-02 -6.657459764059650e-03 1.330465420770555e-02 ...
3.308232461278970e-02 5.240137190370452e-02 7.099397446467647e-02 8.860238144576287e-02 1.049824859850746e-01 1.199072092832175e-01 1.331696486162379e-01 1.445859456458967e-01 ...
1.539978352636410e-01 1.612748396334292e-01 1.663160770172044e-01 1.690516603071145e-01 1.694436658765048e-01 1.674866593184188e-01 1.632077707832505e-01 1.566663188711329e-01 ...
1.479529882930783e-01 1.371885727010222e-01 1.245223001150274e-01 1.101297641623947e-01 9.421048980809120e-02 7.698516732298313e-02 5.869259283561215e-02 3.958635788090713e-02 ...
1.993133383890368e-02 6.217208828649227e-17 -2.020764363580373e-02 ];
err=[-3.174313264233585e-04 0.000000000000000e+00 4.112152952317832e-05 8.167298774243094e-05 1.210922063013442e-04 1.588327131794835e-04 1.943713084808900e-04 2.272153175992910e-04 ...
2.569094212089282e-04 2.830419673948905e-04 3.052506784197884e-04 3.232276730106433e-04 3.367237345438498e-04 3.455517659564445e-04 3.495893834890488e-04 3.487806133020761e-04 ...
3.431366674463312e-04 3.327357884290932e-04 3.177221645316315e-04 2.983039309144595e-04 2.747502842220710e-04 2.473877506861449e-04 2.165956594649049e-04 1.828008839696333e-04 ...
1.464719240826233e-04 1.081124113022569e-04 6.825412685647051e-05 2.744962957418931e-05 -1.373540428600120e-05 -5.473002305411171e-05 -9.496591480096401e-05 -1.338852858953060e-04 ...
-1.709485937449949e-04 -2.056420265226996e-04 -2.374846261828684e-04 -2.660349560252207e-04 -2.908972203692239e-04 -3.117267515038773e-04 -3.282347878458120e-04 -3.401924770660518e-04 ...
-3.474340486894904e-04 -3.498591121853245e-04 -3.474340486895459e-04 -3.401924770660984e-04 -3.282347878458209e-04 -3.117267515038863e-04 -2.908972203692141e-04 -2.660349560252771e-04 ...
-2.374846261828684e-04 -2.056420265227748e-04 -1.709485937450700e-04 -1.338852858951561e-04 -9.496591480095258e-05 -5.473002305407946e-05 -1.373540428605978e-05 2.744962957422094e-05 ...
6.825412685657319e-05 1.081124113021482e-04 1.464719240827213e-04 1.828008839696562e-04 2.165956594649138e-04 2.473877506862380e-04 2.747502842220424e-04 2.983039309145428e-04 ...
3.177221645315841e-04 3.327357884291675e-04 3.431366674463777e-04 3.487806133021317e-04 3.495893834890765e-04 3.455517659564910e-04 3.367237345438588e-04 3.232276730106989e-04 ...
3.052506784199002e-04 2.830419673949084e-04 2.569094212090213e-04 2.272153175992526e-04 1.943713084809268e-04 1.588327131796236e-04 1.210922063013152e-04 8.167298774250972e-05 ...
4.112152952336176e-05 3.979409759391081e-33 -3.174313264235311e-04 ];
