% File written by heat1d.C
xa=0; xb=1; kappa=0.1; t=0.2; maxErr= 2.014e-02; cpuTimeStep= 1.100e-05;
Nx=20; dx=  5.000000e-02; numGhost=1; n1a=0; n1b=20; nd1a=-1; nd1b=21;
solutionName='trueDD';
x=[-5.000000000000000e-02 0.000000000000000e+00 5.000000000000000e-02 1.000000000000000e-01 1.500000000000000e-01 2.000000000000000e-01 2.500000000000000e-01 3.000000000000000e-01 ...
3.500000000000000e-01 4.000000000000000e-01 4.500000000000000e-01 5.000000000000000e-01 5.500000000000000e-01 6.000000000000001e-01 6.500000000000000e-01 7.000000000000001e-01 ...
7.500000000000000e-01 8.000000000000000e-01 8.500000000000001e-01 9.000000000000000e-01 9.500000000000001e-01 1.000000000000000e+00 1.050000000000000e+00 ];
u=[-9.696151359328981e-02 0.000000000000000e+00 7.960800685431392e-02 1.418625069696520e-01 1.731928316410416e-01 1.667693788999992e-01 1.239923776284410e-01 5.418665593313823e-02 ...
-2.743104970768801e-02 -1.030691444429091e-01 -1.562395105746025e-01 -1.753517020730275e-01 -1.562395105746025e-01 -1.030691444429090e-01 -2.743104970768796e-02 5.418665593313827e-02 ...
1.239923776284410e-01 1.667693788999993e-01 1.731928316410417e-01 1.418625069696521e-01 7.960800685431398e-02 6.217208828649229e-17 -9.696151359328969e-02 ];
err=[-2.013517898348617e-02 0.000000000000000e+00 2.781672244510288e-03 4.956976236024683e-03 6.051724088579189e-03 5.827275054999134e-03 4.332556095909589e-03 1.893396440735983e-03 ...
-9.584989327680722e-04 -3.601454045783908e-03 -5.459339169947939e-03 -6.127159590577524e-03 -5.459339169947921e-03 -3.601454045783927e-03 -9.584989327680296e-04 1.893396440735875e-03 ...
4.332556095909668e-03 5.827275054999208e-03 6.051724088579263e-03 4.956976236024728e-03 2.781672244510428e-03 -1.960386105007346e-33 -2.013517898348599e-02 ];
