% File written by heat1dImp.C
xa=0; xb=1; kappa=0.1; t=1; maxErr= 1.157e-03; cpuTimeStep= 8.070e-04;
Nx=80; dx=  1.250000e-02; numGhost=1; n1a=0; n1b=80; nd1a=-1; nd1b=81;
solutionName='trueNN';
x=[-1.250000000000000e-02 0.000000000000000e+00 1.250000000000000e-02 2.500000000000000e-02 3.750000000000001e-02 5.000000000000000e-02 6.250000000000000e-02 7.500000000000001e-02 ...
8.750000000000001e-02 1.000000000000000e-01 1.125000000000000e-01 1.250000000000000e-01 1.375000000000000e-01 1.500000000000000e-01 1.625000000000000e-01 1.750000000000000e-01 ...
1.875000000000000e-01 2.000000000000000e-01 2.125000000000000e-01 2.250000000000000e-01 2.375000000000000e-01 2.500000000000000e-01 2.625000000000000e-01 2.750000000000000e-01 ...
2.875000000000000e-01 3.000000000000000e-01 3.125000000000000e-01 3.250000000000000e-01 3.375000000000000e-01 3.500000000000000e-01 3.625000000000000e-01 3.750000000000000e-01 ...
3.875000000000000e-01 4.000000000000000e-01 4.125000000000000e-01 4.250000000000000e-01 4.375000000000000e-01 4.500000000000000e-01 4.625000000000000e-01 4.750000000000000e-01 ...
4.875000000000000e-01 5.000000000000000e-01 5.125000000000001e-01 5.250000000000000e-01 5.375000000000000e-01 5.500000000000000e-01 5.625000000000000e-01 5.750000000000001e-01 ...
5.875000000000000e-01 6.000000000000001e-01 6.125000000000000e-01 6.250000000000000e-01 6.375000000000001e-01 6.500000000000000e-01 6.625000000000001e-01 6.750000000000000e-01 ...
6.875000000000000e-01 7.000000000000001e-01 7.125000000000000e-01 7.250000000000001e-01 7.375000000000000e-01 7.500000000000000e-01 7.625000000000001e-01 7.750000000000000e-01 ...
7.875000000000001e-01 8.000000000000000e-01 8.125000000000000e-01 8.250000000000001e-01 8.375000000000000e-01 8.500000000000001e-01 8.625000000000000e-01 8.750000000000000e-01 ...
8.875000000000001e-01 9.000000000000000e-01 9.125000000000001e-01 9.250000000000000e-01 9.375000000000000e-01 9.500000000000001e-01 9.625000000000000e-01 9.750000000000001e-01 ...
9.875000000000000e-01 1.000000000000000e+00 1.012500000000000e+00 ];
u=[1.379745011250577e-04 1.389375527525419e-04 1.379745011250577e-04 1.350986971102262e-04 1.303500082266832e-04 1.237942659572368e-04 1.155223531213531e-04 1.056489439588062e-04 ...
9.431091439081947e-05 8.166544449738684e-05 6.788783951629118e-05 5.316909957150153e-05 3.771327182201093e-05 2.173462173850507e-05 5.454662722695918e-06 -1.090091475203631e-05 ...
-2.710537190710532e-05 -4.293406495792631e-05 -5.816755937004123e-05 -7.259467189896118e-05 -8.601539824166548e-05 -9.824368571347297e-05 -1.091100125124269e-04 -1.184637378146297e-04 ...
-1.261751901209533e-04 -1.321374649041952e-04 -1.362679066357422e-04 -1.385092546462795e-04 -1.388304369353789e-04 -1.372270009253163e-04 -1.337211751875391e-04 -1.283615612860671e-04 ...
-1.212224600098264e-04 -1.124028413344159e-04 -1.020249723928150e-04 -9.023272247559348e-05 -7.718956855855027e-05 -6.307632900732435e-05 -4.808865687682534e-05 -3.243432755608919e-05 ...
-1.633035836017280e-05 -4.322418940217129e-16 1.633035835930843e-05 3.243432755522518e-05 4.808865687596193e-05 6.307632900646179e-05 7.718956855768875e-05 9.023272247473328e-05 ...
1.020249723919563e-04 1.124028413335589e-04 1.212224600089714e-04 1.283615612852142e-04 1.337211751866884e-04 1.372270009244681e-04 1.388304369345334e-04 1.385092546454366e-04 ...
1.362679066349023e-04 1.321374649033583e-04 1.261751901201194e-04 1.184637378137988e-04 1.091100125115992e-04 9.824368571264838e-05 8.601539824084402e-05 7.259467189814288e-05 ...
5.816755936922597e-05 4.293406495711409e-05 2.710537190629605e-05 1.090091475122988e-05 -5.454662723499598e-06 -2.173462173930617e-05 -3.771327182280956e-05 -5.316909957229789e-05 ...
-6.788783951708544e-05 -8.166544449817915e-05 -9.431091439161007e-05 -1.056489439595952e-04 -1.155223531221409e-04 -1.237942659580235e-04 -1.303500082274691e-04 -1.350986971110114e-04 ...
-1.379745011258426e-04 -1.389375527533267e-04 -1.379745011258426e-04 ];
err=[1.596784740893662e-07 1.607930178164514e-07 1.596784740893662e-07 1.563502939236588e-07 1.508546161675510e-07 1.432676278748329e-07 1.336945081174319e-07 1.222679698787457e-07 ...
1.091464202419064e-07 9.451176437930348e-08 7.856688378498505e-08 6.153282371138604e-08 4.364572879971489e-08 2.515356938665933e-08 6.312703870056434e-09 -1.261567520932545e-08 ...
-3.136916210287128e-08 -4.968777560722431e-08 -6.731756320631991e-08 -8.401412163704103e-08 -9.954598507232550e-08 -1.136978339523703e-07 -1.262734799777234e-07 -1.370985858849955e-07 ...
-1.460230822989523e-07 -1.529232481576204e-07 -1.577034258677169e-07 -1.602973474140507e-07 -1.606690530388266e-07 -1.588133897551479e-07 -1.547560827828477e-07 -1.485533789177210e-07 ...
-1.402912667774971e-07 -1.300842847340320e-07 -1.180739330582309e-07 -1.044267122892394e-07 -8.933181502348826e-08 -7.299850312129951e-08 -5.565320669178540e-08 -3.753638507266973e-08 ...
-1.889919332153950e-08 -4.322164011445222e-16 1.889919245709495e-08 3.753638420859448e-08 5.565320582841488e-08 7.299850225877603e-08 8.933181416200832e-08 1.044267114289657e-07 ...
1.180739321995022e-07 1.300842838770515e-07 1.402912659224410e-07 1.485533780648605e-07 1.547560819322097e-07 1.588133889070308e-07 1.606690521933115e-07 1.602973465712190e-07 ...
1.577034250278126e-07 1.529232473207248e-07 1.460230814650382e-07 1.370985850541442e-07 1.262734791500163e-07 1.136978331277533e-07 9.954598425093394e-08 8.401412081875299e-08 ...
6.731756239118961e-08 4.968777479495359e-08 3.136916129352113e-08 1.261567440293145e-08 -6.312704673756023e-09 -2.515357018765773e-08 -4.364572959843308e-08 -6.153282450773931e-08 ...
-7.856688457916314e-08 -9.451176517163843e-08 -1.091464210324525e-07 -1.222679706678416e-07 -1.336945089052267e-07 -1.432676286615300e-07 -1.508546169534078e-07 -1.563502947088651e-07 ...
-1.596784748741930e-07 -1.607930186011970e-07 -1.596784748741659e-07 ];
