% File written by heat1d.C
xa=0; xb=1; kappa=0.1; t=0.2; maxErr= 1.425e-03; cpuTimeStep= 7.100e-05;
Nx=40; dx=  2.500000e-02; numGhost=1; n1a=0; n1b=40; nd1a=-1; nd1b=41;
solutionName='trueNN';
x=[-2.500000000000000e-02 0.000000000000000e+00 2.500000000000000e-02 5.000000000000000e-02 7.500000000000001e-02 1.000000000000000e-01 1.250000000000000e-01 1.500000000000000e-01 ...
1.750000000000000e-01 2.000000000000000e-01 2.250000000000000e-01 2.500000000000000e-01 2.750000000000000e-01 3.000000000000000e-01 3.250000000000000e-01 3.500000000000000e-01 ...
3.750000000000000e-01 4.000000000000000e-01 4.250000000000000e-01 4.500000000000000e-01 4.750000000000000e-01 5.000000000000000e-01 5.250000000000000e-01 5.500000000000000e-01 ...
5.750000000000001e-01 6.000000000000001e-01 6.250000000000000e-01 6.500000000000000e-01 6.750000000000000e-01 7.000000000000001e-01 7.250000000000001e-01 7.500000000000000e-01 ...
7.750000000000000e-01 8.000000000000000e-01 8.250000000000001e-01 8.500000000000001e-01 8.750000000000000e-01 9.000000000000000e-01 9.250000000000000e-01 9.500000000000001e-01 ...
9.750000000000001e-01 1.000000000000000e+00 1.025000000000000e+00 ];
u=[1.659343611813264e-01 1.706494181900065e-01 1.659343611813264e-01 1.520497449562449e-01 1.297628356178553e-01 1.003052113243767e-01 6.530470508405728e-02 2.669545044398032e-02 ...
-1.338899903767074e-02 -5.273357030090926e-02 -8.916407607389008e-02 -1.206673608076925e-01 -1.455025479724573e-01 -1.622972411715823e-01 -1.701233629850908e-01 -1.685484406756132e-01 ...
-1.576595047007062e-01 -1.380582793959125e-01 -1.108279315921810e-01 -7.747321464434388e-02 -3.983731552116458e-02 6.610316066855723e-17 3.983731552116469e-02 7.747321464434401e-02 ...
1.108279315921811e-01 1.380582793959126e-01 1.576595047007063e-01 1.685484406756133e-01 1.701233629850909e-01 1.622972411715825e-01 1.455025479724573e-01 1.206673608076926e-01 ...
8.916407607389010e-02 5.273357030090927e-02 1.338899903767071e-02 -2.669545044398037e-02 -6.530470508405736e-02 -1.003052113243768e-01 -1.297628356178555e-01 -1.520497449562451e-01 ...
-1.659343611813266e-01 -1.706494181900067e-01 -1.659343611813267e-01 ];
err=[1.385506278333339e-03 1.424875707556505e-03 1.385506278333339e-03 1.269573551590374e-03 1.083483988264536e-03 8.375209272515310e-04 5.452763264613736e-04 2.228996690604723e-04 ...
-1.117944595394088e-04 -4.403108085069839e-04 -7.444955120968831e-04 -1.007539275161172e-03 -1.214906257475115e-03 -1.355137326582235e-03 -1.420483291278315e-03 -1.407333123150805e-03 ...
-1.316413502583963e-03 -1.152748662285211e-03 -9.253827473856840e-04 -6.468800345402346e-04 -3.326306279999770e-04 9.718920481180337e-17 3.326306279999987e-04 6.468800345404158e-04 ...
9.253827473857199e-04 1.152748662285238e-03 1.316413502584130e-03 1.407333123150916e-03 1.420483291278426e-03 1.355137326582411e-03 1.214906257475170e-03 1.007539275161245e-03 ...
7.444955120969157e-04 4.403108085069320e-04 1.117944595394252e-04 -2.228996690603940e-04 -5.452763264614474e-04 -8.375209272516934e-04 -1.083483988264750e-03 -1.269573551590503e-03 ...
-1.385506278333515e-03 -1.424875707556728e-03 -1.385506278333599e-03 ];
