% File written by heat1dImp.C
xa=0; xb=1; kappa=0.1; t=1; maxErr= 1.105e-01; cpuTimeStep= 1.070e-04;
Nx=10; dx=  1.000000e-01; numGhost=1; n1a=0; n1b=10; nd1a=-1; nd1b=11;
solutionName='trueNN';
x=[-1.000000000000000e-01 0.000000000000000e+00 1.000000000000000e-01 2.000000000000000e-01 3.000000000000000e-01 4.000000000000000e-01 5.000000000000000e-01 6.000000000000001e-01 ...
7.000000000000001e-01 8.000000000000000e-01 9.000000000000000e-01 1.000000000000000e+00 1.100000000000000e+00 ];
u=[9.170607649309325e-05 1.560196961992838e-04 9.170607649309325e-05 -4.821273758278736e-05 -1.483835487407051e-04 -1.262225856824180e-04 2.228224056249373e-17 1.262225856824621e-04 ...
1.483835487407478e-04 4.821273758282850e-05 -9.170607649305352e-05 -1.560196961992446e-04 -9.170607649305361e-05 ];
err=[1.013514376008571e-05 1.724293646455835e-05 1.013514376008571e-05 -5.328360400468279e-06 -1.639900708466749e-05 -1.394982863273613e-05 2.230773343968450e-17 1.394982863278020e-05 ...
1.639900708471029e-05 5.328360400509363e-06 -1.013514376004601e-05 -1.724293646451913e-05 -1.013514376004602e-05 ];
