% File written by heat1dImp.C
xa=0; xb=1; kappa=0.1; t=1; maxErr= 2.076e-02; cpuTimeStep= 1.580e-04;
Nx=20; dx=  5.000000e-02; numGhost=1; n1a=0; n1b=20; nd1a=-1; nd1b=21;
solutionName='trueDD';
x=[-5.000000000000000e-02 0.000000000000000e+00 5.000000000000000e-02 1.000000000000000e-01 1.500000000000000e-01 2.000000000000000e-01 2.500000000000000e-01 3.000000000000000e-01 ...
3.500000000000000e-01 4.000000000000000e-01 4.500000000000000e-01 5.000000000000000e-01 5.500000000000000e-01 6.000000000000001e-01 6.500000000000000e-01 7.000000000000001e-01 ...
7.500000000000000e-01 8.000000000000000e-01 8.500000000000001e-01 9.000000000000000e-01 9.500000000000001e-01 1.000000000000000e+00 1.050000000000000e+00 ];
u=[-7.836401490326516e-05 0.000000000000000e+00 6.433896093782170e-05 1.146528679101999e-04 1.399739457119700e-04 1.347825297813092e-04 1.002102810515512e-04 4.379349863405780e-05 ...
-2.216969505158809e-05 -8.330018449451705e-05 -1.262723206498265e-04 -1.417187385522801e-04 -1.262723206498230e-04 -8.330018449451045e-05 -2.216969505157900e-05 4.379349863406850e-05 ...
1.002102810515624e-04 1.347825297813199e-04 1.399739457119792e-04 1.146528679102066e-04 6.433896093782525e-05 5.098575438155185e-20 -7.836401490326899e-05 ];
err=[0.000000000000000e+00 0.000000000000000e+00 1.335630433618666e-06 2.380110860518086e-06 2.905758176408849e-06 2.797988125271595e-06 2.080293172030564e-06 9.091214517387562e-07 ...
-4.602268824696147e-07 -1.729251761509531e-06 -2.621322320464468e-06 -2.941978817554662e-06 -2.621322320460999e-06 -1.729251761502985e-06 -4.602268824605413e-07 9.091214517493272e-07 ...
2.080293172041840e-06 2.797988125282383e-06 2.905758176418064e-06 2.380110860524741e-06 1.335630433622285e-06 0.000000000000000e+00 0.000000000000000e+00 ];
