% File written by heat1dImp.C
xa=0; xb=1; kappa=0.1; t=1; maxErr= 1.157e-03; cpuTimeStep= 7.470e-04;
Nx=80; dx=  1.250000e-02; numGhost=1; n1a=0; n1b=80; nd1a=-1; nd1b=81;
solutionName='trueDD';
x=[-1.250000000000000e-02 0.000000000000000e+00 1.250000000000000e-02 2.500000000000000e-02 3.750000000000001e-02 5.000000000000000e-02 6.250000000000000e-02 7.500000000000001e-02 ...
8.750000000000001e-02 1.000000000000000e-01 1.125000000000000e-01 1.250000000000000e-01 1.375000000000000e-01 1.500000000000000e-01 1.625000000000000e-01 1.750000000000000e-01 ...
1.875000000000000e-01 2.000000000000000e-01 2.125000000000000e-01 2.250000000000000e-01 2.375000000000000e-01 2.500000000000000e-01 2.625000000000000e-01 2.750000000000000e-01 ...
2.875000000000000e-01 3.000000000000000e-01 3.125000000000000e-01 3.250000000000000e-01 3.375000000000000e-01 3.500000000000000e-01 3.625000000000000e-01 3.750000000000000e-01 ...
3.875000000000000e-01 4.000000000000000e-01 4.125000000000000e-01 4.250000000000000e-01 4.375000000000000e-01 4.500000000000000e-01 4.625000000000000e-01 4.750000000000000e-01 ...
4.875000000000000e-01 5.000000000000000e-01 5.125000000000001e-01 5.250000000000000e-01 5.375000000000000e-01 5.500000000000000e-01 5.625000000000000e-01 5.750000000000001e-01 ...
5.875000000000000e-01 6.000000000000001e-01 6.125000000000000e-01 6.250000000000000e-01 6.375000000000001e-01 6.500000000000000e-01 6.625000000000001e-01 6.750000000000000e-01 ...
6.875000000000000e-01 7.000000000000001e-01 7.125000000000000e-01 7.250000000000001e-01 7.375000000000000e-01 7.500000000000000e-01 7.625000000000001e-01 7.750000000000000e-01 ...
7.875000000000001e-01 8.000000000000000e-01 8.125000000000000e-01 8.250000000000001e-01 8.375000000000000e-01 8.500000000000001e-01 8.625000000000000e-01 8.750000000000000e-01 ...
8.875000000000001e-01 9.000000000000000e-01 9.125000000000001e-01 9.250000000000000e-01 9.375000000000000e-01 9.500000000000001e-01 9.625000000000000e-01 9.750000000000001e-01 ...
9.875000000000000e-01 1.000000000000000e+00 1.012500000000000e+00 ];
u=[-1.655674752357149e-05 0.000000000000000e+00 1.633035835974743e-05 3.243432755567079e-05 4.808865687641401e-05 6.307632900692013e-05 7.718956855815316e-05 9.023272247520355e-05 ...
1.020249723924322e-04 1.124028413340402e-04 1.212224600094577e-04 1.283615612857053e-04 1.337211751871842e-04 1.372270009249682e-04 1.388304369350374e-04 1.385092546459443e-04 ...
1.362679066354132e-04 1.321374649038723e-04 1.261751901206361e-04 1.184637378143180e-04 1.091100125121204e-04 9.824368571317148e-05 8.601539824136867e-05 7.259467189866873e-05 ...
5.816755936975280e-05 4.293406495764159e-05 2.710537190682394e-05 1.090091475175793e-05 -5.454662722971644e-06 -2.173462173877854e-05 -3.771327182228248e-05 -5.316909957177154e-05 ...
-6.788783951656004e-05 -8.166544449765488e-05 -9.431091439108708e-05 -1.056489439590736e-04 -1.155223531216209e-04 -1.237942659575052e-04 -1.303500082269526e-04 -1.350986971104968e-04 ...
-1.379745011253300e-04 -1.389375527528161e-04 -1.379745011253342e-04 -1.350986971105051e-04 -1.303500082269650e-04 -1.237942659575217e-04 -1.155223531216413e-04 -1.056489439590978e-04 ...
-9.431091439111501e-05 -8.166544449768626e-05 -6.788783951659475e-05 -5.316909957180933e-05 -3.771327182232315e-05 -2.173462173882183e-05 -5.454662723017313e-06 1.090091475171018e-05 ...
2.710537190677439e-05 4.293406495759054e-05 5.816755936970056e-05 7.259467189861563e-05 8.601539824131504e-05 9.824368571311766e-05 1.091100125120667e-04 1.184637378142647e-04 ...
1.261751901205837e-04 1.321374649038209e-04 1.362679066353633e-04 1.385092546458961e-04 1.388304369349913e-04 1.372270009249244e-04 1.337211751871430e-04 1.283615612856670e-04 ...
1.212224600094225e-04 1.124028413340083e-04 1.020249723924038e-04 9.023272247517893e-05 7.718956855813240e-05 6.307632900690342e-05 4.808865687640138e-05 3.243432755566235e-05 ...
1.633035835974322e-05 5.098575438155185e-20 -1.655674752356716e-05 ];
err=[0.000000000000000e+00 0.000000000000000e+00 1.889919289615956e-08 3.753638465424223e-08 5.565320628049330e-08 7.299850271709539e-08 8.933181462638566e-08 1.044267118992519e-07 ...
1.180739326753992e-07 1.300842843583153e-07 1.402912664088412e-07 1.485533785560041e-07 1.547560824279612e-07 1.588133894070106e-07 1.606690526972758e-07 1.602973470788967e-07 ...
1.577034255387428e-07 1.529232478347450e-07 1.460230819817689e-07 1.370985855732738e-07 1.262734796712872e-07 1.136978336508673e-07 9.954598477553871e-08 8.401412134457749e-08 ...
6.731756291793569e-08 4.968777532253992e-08 3.136916182143950e-08 1.261567493094977e-08 -6.312704145776670e-09 -2.515356966006124e-08 -4.364572907126688e-08 -6.153282398142692e-08 ...
-7.856688405384008e-08 -9.451176464735892e-08 -1.091464205094875e-07 -1.222679701461506e-07 -1.336945083852298e-07 -1.432676281432272e-07 -1.508546164368939e-07 -1.563502941942757e-07 ...
-1.596784743616094e-07 -1.607930180906462e-07 -1.596784743658377e-07 -1.563502942026512e-07 -1.508546164493351e-07 -1.432676281596800e-07 -1.336945084056128e-07 -1.222679701704367e-07 ...
-1.091464205374193e-07 -9.451176467878723e-08 -7.856688408860231e-08 -6.153282401910972e-08 -4.364572911194479e-08 -2.515356970337173e-08 -6.312704191518143e-09 1.261567488319235e-08 ...
3.136916177193551e-08 4.968777527136558e-08 6.731756286573813e-08 8.401412129146514e-08 9.954598472189781e-08 1.136978335970773e-07 1.262734796175649e-07 1.370985855200395e-07 ...
1.460230819293206e-07 1.529232477833539e-07 1.577034254888695e-07 1.602973470306497e-07 1.606690526511430e-07 1.588133893632630e-07 1.547560823867615e-07 1.485533785176504e-07 ...
1.402912663736860e-07 1.300842843264533e-07 1.180739326470473e-07 1.044267118745728e-07 8.933181460560964e-08 7.299850270045289e-08 5.565320626780136e-08 3.753638464580578e-08 ...
1.889919289205653e-08 0.000000000000000e+00 0.000000000000000e+00 ];
