% File written by heat1d.C
xa=0; xb=1; kappa=0.1; t=0.2; maxErr= 3.805e-16; cpuTimeStep= 1.500e-05;
Nx=20; dx=  5.000000e-02; numGhost=1; n1a=0; n1b=20; nd1a=-1; nd1b=21;
solutionName='polyNN';
x=[-5.000000000000000e-02 0.000000000000000e+00 5.000000000000000e-02 1.000000000000000e-01 1.500000000000000e-01 2.000000000000000e-01 2.500000000000000e-01 3.000000000000000e-01 ...
3.500000000000000e-01 4.000000000000000e-01 4.500000000000000e-01 5.000000000000000e-01 5.500000000000000e-01 6.000000000000001e-01 6.500000000000000e-01 7.000000000000001e-01 ...
7.500000000000000e-01 8.000000000000000e-01 8.500000000000001e-01 9.000000000000000e-01 9.500000000000001e-01 1.000000000000000e+00 1.050000000000000e+00 ];
u=[1.034162500000000e+00 1.060000000000000e+00 1.087162500000000e+00 1.115650000000000e+00 1.145462500000000e+00 1.176600000000000e+00 1.209062500000000e+00 1.242850000000000e+00 ...
1.277962500000000e+00 1.314400000000000e+00 1.352162500000000e+00 1.391250000000000e+00 1.431662500000000e+00 1.473400000000000e+00 1.516462500000000e+00 1.560850000000000e+00 ...
1.606562500000000e+00 1.653600000000000e+00 1.701962500000000e+00 1.751650000000000e+00 1.802662500000000e+00 1.855000000000000e+00 1.908662500000000e+00 ];
err=[-1.408095862132086e-16 0.000000000000000e+00 -2.544964239348246e-16 2.059241666074740e-16 2.710387470017395e-16 -2.945199639725615e-16 9.020562075079397e-17 -3.777866908194483e-16 ...
-1.175393116170653e-16 -2.659206188582175e-16 -1.434741214723090e-16 -1.942890293094024e-16 -1.963207374444664e-16 5.915268275202833e-17 -6.735723090400825e-17 -3.804512260785487e-16 ...
3.469446951953614e-17 4.121147867408581e-17 9.651168753066485e-17 -2.144950883575803e-17 1.314170994248798e-16 -1.110223024625157e-16 3.614553101272122e-16 ];
