% File written by heat1d.C
xa=0; xb=1; kappa=0.1; t=0.2; maxErr= 1.579e-01; cpuTimeStep= 6.000e-06;
Nx=10; dx=  1.000000e-01; numGhost=1; n1a=0; n1b=10; nd1a=-1; nd1b=11;
solutionName='trueDD';
x=[-1.000000000000000e-01 0.000000000000000e+00 1.000000000000000e-01 2.000000000000000e-01 3.000000000000000e-01 4.000000000000000e-01 5.000000000000000e-01 6.000000000000001e-01 ...
7.000000000000001e-01 8.000000000000000e-01 9.000000000000000e-01 1.000000000000000e+00 1.100000000000000e+00 ];
u=[-2.948391376575481e-01 0.000000000000000e+00 1.616062108174111e-01 1.899794947946852e-01 6.172807973917015e-02 -1.174137849486491e-01 -1.997562621564818e-01 -1.174137849486489e-01 ...
6.172807973917038e-02 1.899794947946853e-01 1.616062108174113e-01 6.217208828649228e-17 -2.948391376575483e-01 ];
err=[-1.579336069239208e-01 0.000000000000000e+00 2.470068008378385e-02 2.903739094968516e-02 9.434820246767912e-03 -1.794609455152391e-02 -3.053171967403187e-02 -1.794609455152384e-02 ...
9.434820246767998e-03 2.903739094968526e-02 2.470068008378398e-02 -4.089104698233974e-33 -1.579336069239211e-01 ];
