% File written by heat1d.C
xa=0; xb=1; kappa=0.1; t=0.2; maxErr= 8.706e-05; cpuTimeStep= 2.611e-03;
Nx=160; dx=  6.250000e-03; numGhost=1; n1a=0; n1b=160; nd1a=-1; nd1b=161;
solutionName='trueDD';
x=[-6.250000000000000e-03 0.000000000000000e+00 6.250000000000000e-03 1.250000000000000e-02 1.875000000000000e-02 2.500000000000000e-02 3.125000000000000e-02 3.750000000000001e-02 ...
4.375000000000000e-02 5.000000000000000e-02 5.625000000000000e-02 6.250000000000000e-02 6.875000000000001e-02 7.500000000000001e-02 8.125000000000000e-02 8.750000000000001e-02 ...
9.375000000000000e-02 1.000000000000000e-01 1.062500000000000e-01 1.125000000000000e-01 1.187500000000000e-01 1.250000000000000e-01 1.312500000000000e-01 1.375000000000000e-01 ...
1.437500000000000e-01 1.500000000000000e-01 1.562500000000000e-01 1.625000000000000e-01 1.687500000000000e-01 1.750000000000000e-01 1.812500000000000e-01 1.875000000000000e-01 ...
1.937500000000000e-01 2.000000000000000e-01 2.062500000000000e-01 2.125000000000000e-01 2.187500000000000e-01 2.250000000000000e-01 2.312500000000000e-01 2.375000000000000e-01 ...
2.437500000000000e-01 2.500000000000000e-01 2.562500000000000e-01 2.625000000000000e-01 2.687500000000000e-01 2.750000000000000e-01 2.812500000000000e-01 2.875000000000000e-01 ...
2.937500000000000e-01 3.000000000000000e-01 3.062500000000000e-01 3.125000000000000e-01 3.187500000000000e-01 3.250000000000000e-01 3.312500000000000e-01 3.375000000000000e-01 ...
3.437500000000000e-01 3.500000000000000e-01 3.562500000000000e-01 3.625000000000000e-01 3.687500000000000e-01 3.750000000000000e-01 3.812500000000000e-01 3.875000000000000e-01 ...
3.937500000000000e-01 4.000000000000000e-01 4.062500000000000e-01 4.125000000000000e-01 4.187500000000000e-01 4.250000000000000e-01 4.312500000000000e-01 4.375000000000000e-01 ...
4.437500000000000e-01 4.500000000000000e-01 4.562500000000000e-01 4.625000000000000e-01 4.687500000000000e-01 4.750000000000000e-01 4.812500000000000e-01 4.875000000000000e-01 ...
4.937500000000000e-01 5.000000000000000e-01 5.062500000000000e-01 5.125000000000001e-01 5.187500000000000e-01 5.250000000000000e-01 5.312500000000000e-01 5.375000000000000e-01 ...
5.437500000000001e-01 5.500000000000000e-01 5.562500000000000e-01 5.625000000000000e-01 5.687500000000000e-01 5.750000000000001e-01 5.812500000000000e-01 5.875000000000000e-01 ...
5.937500000000000e-01 6.000000000000001e-01 6.062500000000001e-01 6.125000000000000e-01 6.187500000000000e-01 6.250000000000000e-01 6.312500000000001e-01 6.375000000000001e-01 ...
6.437500000000000e-01 6.500000000000000e-01 6.562500000000000e-01 6.625000000000001e-01 6.687500000000001e-01 6.750000000000000e-01 6.812500000000000e-01 6.875000000000000e-01 ...
6.937500000000001e-01 7.000000000000001e-01 7.062500000000000e-01 7.125000000000000e-01 7.187500000000000e-01 7.250000000000001e-01 7.312500000000001e-01 7.375000000000000e-01 ...
7.437500000000000e-01 7.500000000000000e-01 7.562500000000001e-01 7.625000000000001e-01 7.687500000000000e-01 7.750000000000000e-01 7.812500000000000e-01 7.875000000000001e-01 ...
7.937500000000001e-01 8.000000000000000e-01 8.062500000000000e-01 8.125000000000000e-01 8.187500000000001e-01 8.250000000000001e-01 8.312500000000000e-01 8.375000000000000e-01 ...
8.437500000000000e-01 8.500000000000001e-01 8.562500000000001e-01 8.625000000000000e-01 8.687500000000000e-01 8.750000000000000e-01 8.812500000000001e-01 8.875000000000001e-01 ...
8.937500000000000e-01 9.000000000000000e-01 9.062500000000000e-01 9.125000000000001e-01 9.187500000000001e-01 9.250000000000000e-01 9.312500000000000e-01 9.375000000000000e-01 ...
9.437500000000001e-01 9.500000000000001e-01 9.562500000000000e-01 9.625000000000000e-01 9.687500000000000e-01 9.750000000000001e-01 9.812500000000001e-01 9.875000000000000e-01 ...
9.937500000000000e-01 1.000000000000000e+00 1.006250000000000e+00 ];
u=[-1.000208531211240e-02 0.000000000000000e+00 9.967510215708667e-03 1.990044533501360e-02 2.976435019490120e-02 3.952500908311563e-02 4.914856442492453e-02 5.860163422758459e-02 ...
6.785142787511798e-02 7.686585987173319e-02 8.561366113933924e-02 9.406448748308677e-02 1.021890248486931e-01 1.099590910064367e-01 1.173477333091014e-01 1.243293221847701e-01 ...
1.308796400401619e-01 1.369759652661263e-01 1.425971510538981e-01 1.477236987487172e-01 1.523378254863644e-01 1.564235258779996e-01 1.599666275293274e-01 1.629548402015109e-01 ...
1.653777984433008e-01 1.672270975465024e-01 1.684963227000556e-01 1.691810712416013e-01 1.692789679293463e-01 1.687896731812545e-01 1.677148842529812e-01 1.660583293504681e-01 ...
1.638257546976179e-01 1.610249046039101e-01 1.576654946010982e-01 1.537591777421704e-01 1.493195041794777e-01 1.443618741622407e-01 1.389034846164790e-01 1.329632694926648e-01 ...
1.265618340880207e-01 1.197213835712846e-01 1.124656459578731e-01 1.048197898026242e-01 9.681033689562750e-02 8.846507026397883e-02 7.981293779858166e-02 7.088395184029297e-02 ...
6.170908507372649e-02 5.232016308983529e-02 4.274975398995003e-02 3.303105541421265e-02 2.319777938627827e-02 1.328403537373435e-02 3.324211969874286e-03 -6.647142392754581e-03 ...
-1.659543928324997e-02 -2.648617025199929e-02 -3.628502653288671e-02 -4.595801805284223e-02 -5.547159133591476e-02 -6.479274589288607e-02 -7.388914869269556e-02 -8.272924631859979e-02 ...
-9.128237442002181e-02 -9.951886408042573e-02 -1.074101447322502e-01 -1.149288432619111e-01 -1.220488789611003e-01 -1.287455539950155e-01 -1.349956390737066e-01 -1.407774540293633e-01 ...
-1.460709430200396e-01 -1.508577440989502e-01 -1.551212529080169e-01 -1.588466802747280e-01 -1.620211035125187e-01 -1.646335112467230e-01 -1.666748416106058e-01 -1.681380136789816e-01 ...
-1.690179520303834e-01 -1.693116043525820e-01 -1.690179520303835e-01 -1.681380136789816e-01 -1.666748416106059e-01 -1.646335112467231e-01 -1.620211035125187e-01 -1.588466802747280e-01 ...
-1.551212529080169e-01 -1.508577440989502e-01 -1.460709430200396e-01 -1.407774540293633e-01 -1.349956390737066e-01 -1.287455539950155e-01 -1.220488789611003e-01 -1.149288432619111e-01 ...
-1.074101447322503e-01 -9.951886408042578e-02 -9.128237442002185e-02 -8.272924631859982e-02 -7.388914869269560e-02 -6.479274589288611e-02 -5.547159133591481e-02 -4.595801805284227e-02 ...
-3.628502653288675e-02 -2.648617025199932e-02 -1.659543928325000e-02 -6.647142392754608e-03 3.324211969874260e-03 1.328403537373433e-02 2.319777938627825e-02 3.303105541421263e-02 ...
4.274975398995002e-02 5.232016308983527e-02 6.170908507372649e-02 7.088395184029297e-02 7.981293779858167e-02 8.846507026397882e-02 9.681033689562751e-02 1.048197898026242e-01 ...
1.124656459578731e-01 1.197213835712846e-01 1.265618340880207e-01 1.329632694926648e-01 1.389034846164790e-01 1.443618741622407e-01 1.493195041794777e-01 1.537591777421704e-01 ...
1.576654946010981e-01 1.610249046039101e-01 1.638257546976179e-01 1.660583293504681e-01 1.677148842529812e-01 1.687896731812545e-01 1.692789679293463e-01 1.691810712416013e-01 ...
1.684963227000556e-01 1.672270975465024e-01 1.653777984433008e-01 1.629548402015108e-01 1.599666275293274e-01 1.564235258779996e-01 1.523378254863644e-01 1.477236987487172e-01 ...
1.425971510538981e-01 1.369759652661263e-01 1.308796400401619e-01 1.243293221847701e-01 1.173477333091014e-01 1.099590910064367e-01 1.021890248486931e-01 9.406448748308679e-02 ...
8.561366113933927e-02 7.686585987173322e-02 6.785142787511803e-02 5.860163422758462e-02 4.914856442492458e-02 3.952500908311568e-02 2.976435019490126e-02 1.990044533501366e-02 ...
9.967510215708726e-03 6.217208828649228e-17 -1.000208531211233e-02 ];
