% File written by heat1d.C
xa=0; xb=1; kappa=0.1; t=0.2; maxErr= 3.499e-04; cpuTimeStep= 2.060e-04;
Nx=80; dx=  1.250000e-02; numGhost=1; n1a=0; n1b=80; nd1a=-1; nd1b=81;
solutionName='trueNN';
x=[-1.250000000000000e-02 0.000000000000000e+00 1.250000000000000e-02 2.500000000000000e-02 3.750000000000001e-02 5.000000000000000e-02 6.250000000000000e-02 7.500000000000001e-02 ...
8.750000000000001e-02 1.000000000000000e-01 1.125000000000000e-01 1.250000000000000e-01 1.375000000000000e-01 1.500000000000000e-01 1.625000000000000e-01 1.750000000000000e-01 ...
1.875000000000000e-01 2.000000000000000e-01 2.125000000000000e-01 2.250000000000000e-01 2.375000000000000e-01 2.500000000000000e-01 2.625000000000000e-01 2.750000000000000e-01 ...
2.875000000000000e-01 3.000000000000000e-01 3.125000000000000e-01 3.250000000000000e-01 3.375000000000000e-01 3.500000000000000e-01 3.625000000000000e-01 3.750000000000000e-01 ...
3.875000000000000e-01 4.000000000000000e-01 4.125000000000000e-01 4.250000000000000e-01 4.375000000000000e-01 4.500000000000000e-01 4.625000000000000e-01 4.750000000000000e-01 ...
4.875000000000000e-01 5.000000000000000e-01 5.125000000000001e-01 5.250000000000000e-01 5.375000000000000e-01 5.500000000000000e-01 5.625000000000000e-01 5.750000000000001e-01 ...
5.875000000000000e-01 6.000000000000001e-01 6.125000000000000e-01 6.250000000000000e-01 6.375000000000001e-01 6.500000000000000e-01 6.625000000000001e-01 6.750000000000000e-01 ...
6.875000000000000e-01 7.000000000000001e-01 7.125000000000000e-01 7.250000000000001e-01 7.375000000000000e-01 7.500000000000000e-01 7.625000000000001e-01 7.750000000000000e-01 ...
7.875000000000001e-01 8.000000000000000e-01 8.125000000000000e-01 8.250000000000001e-01 8.375000000000000e-01 8.500000000000001e-01 8.625000000000000e-01 8.750000000000000e-01 ...
8.875000000000001e-01 9.000000000000000e-01 9.125000000000001e-01 9.250000000000000e-01 9.375000000000000e-01 9.500000000000001e-01 9.625000000000000e-01 9.750000000000001e-01 ...
9.875000000000000e-01 1.000000000000000e+00 1.012500000000000e+00 ];
u=[1.683989893306393e-01 1.695744015946352e-01 1.683989893306393e-01 1.648890473800590e-01 1.590932343703266e-01 1.510918981561583e-01 1.409959619503274e-01 1.289453865856160e-01 ...
1.151072302257408e-01 9.967333242364780e-02 8.285765463327388e-02 6.489331404349115e-02 4.602935185444855e-02 2.652728079797403e-02 6.657459764059689e-03 -1.330465420770551e-02 ...
-3.308232461278963e-02 -5.240137190370446e-02 -7.099397446467640e-02 -8.860238144576280e-02 -1.049824859850745e-01 -1.199072092832174e-01 -1.331696486162378e-01 -1.445859456458966e-01 ...
-1.539978352636409e-01 -1.612748396334291e-01 -1.663160770172043e-01 -1.690516603071144e-01 -1.694436658765046e-01 -1.674866593184187e-01 -1.632077707832503e-01 -1.566663188711327e-01 ...
-1.479529882930781e-01 -1.371885727010220e-01 -1.245223001150272e-01 -1.101297641623946e-01 -9.421048980809105e-02 -7.698516732298297e-02 -5.869259283561202e-02 -3.958635788090697e-02 ...
-1.993133383890355e-02 7.496546726863515e-17 1.993133383890370e-02 3.958635788090713e-02 5.869259283561214e-02 7.698516732298312e-02 9.421048980809117e-02 1.101297641623947e-01 ...
1.245223001150273e-01 1.371885727010221e-01 1.479529882930783e-01 1.566663188711328e-01 1.632077707832504e-01 1.674866593184188e-01 1.694436658765047e-01 1.690516603071145e-01 ...
1.663160770172043e-01 1.612748396334291e-01 1.539978352636409e-01 1.445859456458966e-01 1.331696486162378e-01 1.199072092832174e-01 1.049824859850745e-01 8.860238144576277e-02 ...
7.099397446467634e-02 5.240137190370440e-02 3.308232461278954e-02 1.330465420770540e-02 -6.657459764059813e-03 -2.652728079797418e-02 -4.602935185444871e-02 -6.489331404349134e-02 ...
-8.285765463327407e-02 -9.967333242364805e-02 -1.151072302257411e-01 -1.289453865856163e-01 -1.409959619503277e-01 -1.510918981561586e-01 -1.590932343703269e-01 -1.648890473800594e-01 ...
-1.683989893306397e-01 -1.695744015946356e-01 -1.683989893306398e-01 ];
err=[3.474340486894626e-04 3.498591121852690e-04 3.474340486894626e-04 3.401924770659874e-04 3.282347878457377e-04 3.117267515038308e-04 2.908972203691962e-04 2.660349560252305e-04 ...
2.374846261828733e-04 2.056420265226531e-04 1.709485937450181e-04 1.338852858952639e-04 9.496591480097095e-05 5.473002305418461e-05 1.373540428601779e-05 -2.744962957418115e-05 ...
-6.825412685651320e-05 -1.081124113022054e-04 -1.464719240825485e-04 -1.828008839696244e-04 -2.165956594647979e-04 -2.473877506861359e-04 -2.747502842219780e-04 -2.983039309144783e-04 ...
-3.177221645315572e-04 -3.327357884290654e-04 -3.431366674462757e-04 -3.487806133020206e-04 -3.495893834889377e-04 -3.455517659564078e-04 -3.367237345437387e-04 -3.232276730105413e-04 ...
-3.052506784196773e-04 -2.830419673948072e-04 -2.569094212088499e-04 -2.272153175992780e-04 -1.943713084807929e-04 -1.588327131793443e-04 -1.210922063012115e-04 -8.167298774237606e-05 ...
-4.112152952310904e-05 1.060515114118813e-16 4.112152952317133e-05 8.167298774244641e-05 1.210922063013928e-04 1.588327131795533e-04 1.943713084809742e-04 2.272153175993278e-04 ...
2.569094212089560e-04 2.830419673948342e-04 3.052506784197785e-04 3.232276730106809e-04 3.367237345438498e-04 3.455517659564910e-04 3.495893834890210e-04 3.487806133020761e-04 ...
3.431366674463034e-04 3.327357884291585e-04 3.177221645315662e-04 2.983039309144783e-04 2.747502842220245e-04 2.473877506860845e-04 2.165956594648592e-04 1.828008839696154e-04 ...
1.464719240826433e-04 1.081124113020772e-04 6.825412685633129e-05 2.744962957412291e-05 -1.373540428616530e-05 -5.473002305421392e-05 -9.496591480122447e-05 -1.338852858954488e-04 ...
-1.709485937450997e-04 -2.056420265229405e-04 -2.374846261830806e-04 -2.660349560255832e-04 -2.908972203695481e-04 -3.117267515041263e-04 -3.282347878461360e-04 -3.401924770663849e-04 ...
-3.474340486898324e-04 -3.498591121857131e-04 -3.474340486898414e-04 ];
