% File written by heat1dImp.C
xa=0; xb=1; kappa=0.1; t=1; maxErr= 1.105e-01; cpuTimeStep= 8.700e-05;
Nx=10; dx=  1.000000e-01; numGhost=1; n1a=0; n1b=10; nd1a=-1; nd1b=11;
solutionName='trueDD';
x=[-1.000000000000000e-01 0.000000000000000e+00 1.000000000000000e-01 2.000000000000000e-01 3.000000000000000e-01 4.000000000000000e-01 5.000000000000000e-01 6.000000000000001e-01 ...
7.000000000000001e-01 8.000000000000000e-01 9.000000000000000e-01 1.000000000000000e+00 1.100000000000000e+00 ];
u=[-2.302842083066085e-04 0.000000000000000e+00 1.262225856824548e-04 1.483835487407560e-04 4.821273758285186e-05 -9.170607649301709e-05 -1.560196961991996e-04 -9.170607649300669e-05 ...
4.821273758286865e-05 1.483835487407729e-04 1.262225856824653e-04 5.098575438155185e-20 -2.302842083066228e-04 ];
err=[0.000000000000000e+00 0.000000000000000e+00 1.394982863277301e-05 1.639900708471848e-05 5.328360400532809e-06 -1.013514376000956e-05 -1.724293646447408e-05 -1.013514375999922e-05 ...
5.328360400549479e-06 1.639900708473536e-05 1.394982863278341e-05 0.000000000000000e+00 0.000000000000000e+00 ];
