% File written by heat1dImp.C
xa=0; xb=1; kappa=0.1; t=1; maxErr= 2.876e-04; cpuTimeStep= 2.076e-03;
Nx=160; dx=  6.250000e-03; numGhost=1; n1a=0; n1b=160; nd1a=-1; nd1b=161;
solutionName='trueNN';
x=[-6.250000000000000e-03 0.000000000000000e+00 6.250000000000000e-03 1.250000000000000e-02 1.875000000000000e-02 2.500000000000000e-02 3.125000000000000e-02 3.750000000000001e-02 ...
4.375000000000000e-02 5.000000000000000e-02 5.625000000000000e-02 6.250000000000000e-02 6.875000000000001e-02 7.500000000000001e-02 8.125000000000000e-02 8.750000000000001e-02 ...
9.375000000000000e-02 1.000000000000000e-01 1.062500000000000e-01 1.125000000000000e-01 1.187500000000000e-01 1.250000000000000e-01 1.312500000000000e-01 1.375000000000000e-01 ...
1.437500000000000e-01 1.500000000000000e-01 1.562500000000000e-01 1.625000000000000e-01 1.687500000000000e-01 1.750000000000000e-01 1.812500000000000e-01 1.875000000000000e-01 ...
1.937500000000000e-01 2.000000000000000e-01 2.062500000000000e-01 2.125000000000000e-01 2.187500000000000e-01 2.250000000000000e-01 2.312500000000000e-01 2.375000000000000e-01 ...
2.437500000000000e-01 2.500000000000000e-01 2.562500000000000e-01 2.625000000000000e-01 2.687500000000000e-01 2.750000000000000e-01 2.812500000000000e-01 2.875000000000000e-01 ...
2.937500000000000e-01 3.000000000000000e-01 3.062500000000000e-01 3.125000000000000e-01 3.187500000000000e-01 3.250000000000000e-01 3.312500000000000e-01 3.375000000000000e-01 ...
3.437500000000000e-01 3.500000000000000e-01 3.562500000000000e-01 3.625000000000000e-01 3.687500000000000e-01 3.750000000000000e-01 3.812500000000000e-01 3.875000000000000e-01 ...
3.937500000000000e-01 4.000000000000000e-01 4.062500000000000e-01 4.125000000000000e-01 4.187500000000000e-01 4.250000000000000e-01 4.312500000000000e-01 4.375000000000000e-01 ...
4.437500000000000e-01 4.500000000000000e-01 4.562500000000000e-01 4.625000000000000e-01 4.687500000000000e-01 4.750000000000000e-01 4.812500000000000e-01 4.875000000000000e-01 ...
4.937500000000000e-01 5.000000000000000e-01 5.062500000000000e-01 5.125000000000001e-01 5.187500000000000e-01 5.250000000000000e-01 5.312500000000000e-01 5.375000000000000e-01 ...
5.437500000000001e-01 5.500000000000000e-01 5.562500000000000e-01 5.625000000000000e-01 5.687500000000000e-01 5.750000000000001e-01 5.812500000000000e-01 5.875000000000000e-01 ...
5.937500000000000e-01 6.000000000000001e-01 6.062500000000001e-01 6.125000000000000e-01 6.187500000000000e-01 6.250000000000000e-01 6.312500000000001e-01 6.375000000000001e-01 ...
6.437500000000000e-01 6.500000000000000e-01 6.562500000000000e-01 6.625000000000001e-01 6.687500000000001e-01 6.750000000000000e-01 6.812500000000000e-01 6.875000000000000e-01 ...
6.937500000000001e-01 7.000000000000001e-01 7.062500000000000e-01 7.125000000000000e-01 7.187500000000000e-01 7.250000000000001e-01 7.312500000000001e-01 7.375000000000000e-01 ...
7.437500000000000e-01 7.500000000000000e-01 7.562500000000001e-01 7.625000000000001e-01 7.687500000000000e-01 7.750000000000000e-01 7.812500000000000e-01 7.875000000000001e-01 ...
7.937500000000001e-01 8.000000000000000e-01 8.062500000000000e-01 8.125000000000000e-01 8.187500000000001e-01 8.250000000000001e-01 8.312500000000000e-01 8.375000000000000e-01 ...
8.437500000000000e-01 8.500000000000001e-01 8.562500000000001e-01 8.625000000000000e-01 8.687500000000000e-01 8.750000000000000e-01 8.812500000000001e-01 8.875000000000001e-01 ...
8.937500000000000e-01 9.000000000000000e-01 9.062500000000000e-01 9.125000000000001e-01 9.187500000000001e-01 9.250000000000000e-01 9.312500000000000e-01 9.375000000000000e-01 ...
9.437500000000001e-01 9.500000000000001e-01 9.562500000000000e-01 9.625000000000000e-01 9.687500000000000e-01 9.750000000000001e-01 9.812500000000001e-01 9.875000000000000e-01 ...
9.937500000000000e-01 1.000000000000000e+00 1.006250000000000e+00 ];
u=[1.385759167596886e-04 1.388166789939261e-04 1.385759167596886e-04 1.378544652081100e-04 1.366548268956370e-04 1.349811631032118e-04 1.328392794017060e-04 1.302366055136745e-04 ...
1.271821695412851e-04 1.236865666498216e-04 1.197619223153905e-04 1.154218502643164e-04 1.106814052501251e-04 1.055570308319219e-04 1.000665023353077e-04 9.422886519369289e-05 ...
8.806436888388485e-05 8.159439668511572e-05 7.484139150515898e-05 6.782877803082800e-05 6.058088147289951e-05 5.312284318731813e-05 4.548053346537290e-05 3.768046179535773e-05 ...
2.974968490699861e-05 2.171571291762041e-05 1.360641390561243e-05 5.449917242205695e-06 -2.725483983116960e-06 -1.089143110511345e-05 -1.901959825274268e-05 -2.708179060536915e-05 ...
-3.505004219438232e-05 -4.289671291097902e-05 -5.059458438360975e-05 -5.811695439251148e-05 -6.543772949382387e-05 -7.253151553199538e-05 -7.937370572651336e-05 -8.594056602740243e-05 ...
-9.220931744341431e-05 -9.815821505732784e-05 -1.037666234542757e-04 -1.090150883014507e-04 -1.138854038308990e-04 -1.183606759913178e-04 -1.224253810497958e-04 -1.260654194402219e-04 ...
-1.292681646715729e-04 -1.320225071264284e-04 -1.343188925977855e-04 -1.361493554304970e-04 -1.375075461523746e-04 -1.383887534991076e-04 -1.387899207566014e-04 -1.387096563640450e-04 ...
-1.381482387409280e-04 -1.371076153212662e-04 -1.355913957983803e-04 -1.336048396036673e-04 -1.311548376627900e-04 -1.282498884925760e-04 -1.249000687215347e-04 -1.211169981362541e-04 ...
-1.169137993749214e-04 -1.123050524077831e-04 -1.073067439624414e-04 -1.019362120694186e-04 -9.621208592035065e-05 -9.015422124742638e-05 -8.378363144822790e-05 -7.712241469488535e-05 ...
-7.019367728038765e-05 -6.302145346794366e-05 -5.563062212141997e-05 -4.804682040604436e-05 -4.029635485872943e-05 -3.240611013649311e-05 -2.440345575950817e-05 -1.631615117226792e-05 ...
-8.172249452190875e-06 3.230646153886124e-16 8.172249452837002e-06 1.631615117291420e-05 2.440345576015459e-05 3.240611013713981e-05 4.029635485937644e-05 4.804682040669177e-05 ...
5.563062212206786e-05 6.302145346859208e-05 7.019367728103664e-05 7.712241469553506e-05 8.378363144887835e-05 9.015422124807763e-05 9.621208592100284e-05 1.019362120700716e-04 ...
1.073067439630954e-04 1.123050524084382e-04 1.169137993755776e-04 1.211169981369115e-04 1.249000687221934e-04 1.282498884932359e-04 1.311548376634512e-04 1.336048396043298e-04 ...
1.355913957990444e-04 1.371076153219315e-04 1.381482387415950e-04 1.387096563647134e-04 1.387899207572715e-04 1.383887534997792e-04 1.375075461530479e-04 1.361493554311720e-04 ...
1.343188925984622e-04 1.320225071271069e-04 1.292681646722532e-04 1.260654194409039e-04 1.224253810504796e-04 1.183606759920034e-04 1.138854038315864e-04 1.090150883021399e-04 ...
1.037666234549668e-04 9.815821505802083e-05 9.220931744410907e-05 8.594056602809911e-05 7.937370572721187e-05 7.253151553269570e-05 6.543772949452606e-05 5.811695439321546e-05 ...
5.059458438431552e-05 4.289671291168659e-05 3.505004219509162e-05 2.708179060608021e-05 1.901959825345545e-05 1.089143110582791e-05 2.725483983833060e-06 -5.449917241487984e-06 ...
-1.360641390489313e-05 -2.171571291689957e-05 -2.974968490627629e-05 -3.768046179463395e-05 -4.548053346464770e-05 -5.312284318659158e-05 -6.058088147217165e-05 -6.782877803009891e-05 ...
-7.484139150442871e-05 -8.159439668438433e-05 -8.806436888315235e-05 -9.422886519295938e-05 -1.000665023345732e-04 -1.055570308311865e-04 -1.106814052493890e-04 -1.154218502635795e-04 ...
-1.197619223146529e-04 -1.236865666490834e-04 -1.271821695405463e-04 -1.302366055129353e-04 -1.328392794009665e-04 -1.349811631024719e-04 -1.366548268948969e-04 -1.378544652073698e-04 ...
-1.385759167589482e-04 -1.388166789931857e-04 -1.385759167589482e-04 ];
