% File written by heat1dImp.C
xa=0; xb=1; kappa=0.1; t=1; maxErr= 2.876e-04; cpuTimeStep= 2.007e-03;
Nx=160; dx=  6.250000e-03; numGhost=1; n1a=0; n1b=160; nd1a=-1; nd1b=161;
solutionName='trueDD';
x=[-6.250000000000000e-03 0.000000000000000e+00 6.250000000000000e-03 1.250000000000000e-02 1.875000000000000e-02 2.500000000000000e-02 3.125000000000000e-02 3.750000000000001e-02 ...
4.375000000000000e-02 5.000000000000000e-02 5.625000000000000e-02 6.250000000000000e-02 6.875000000000001e-02 7.500000000000001e-02 8.125000000000000e-02 8.750000000000001e-02 ...
9.375000000000000e-02 1.000000000000000e-01 1.062500000000000e-01 1.125000000000000e-01 1.187500000000000e-01 1.250000000000000e-01 1.312500000000000e-01 1.375000000000000e-01 ...
1.437500000000000e-01 1.500000000000000e-01 1.562500000000000e-01 1.625000000000000e-01 1.687500000000000e-01 1.750000000000000e-01 1.812500000000000e-01 1.875000000000000e-01 ...
1.937500000000000e-01 2.000000000000000e-01 2.062500000000000e-01 2.125000000000000e-01 2.187500000000000e-01 2.250000000000000e-01 2.312500000000000e-01 2.375000000000000e-01 ...
2.437500000000000e-01 2.500000000000000e-01 2.562500000000000e-01 2.625000000000000e-01 2.687500000000000e-01 2.750000000000000e-01 2.812500000000000e-01 2.875000000000000e-01 ...
2.937500000000000e-01 3.000000000000000e-01 3.062500000000000e-01 3.125000000000000e-01 3.187500000000000e-01 3.250000000000000e-01 3.312500000000000e-01 3.375000000000000e-01 ...
3.437500000000000e-01 3.500000000000000e-01 3.562500000000000e-01 3.625000000000000e-01 3.687500000000000e-01 3.750000000000000e-01 3.812500000000000e-01 3.875000000000000e-01 ...
3.937500000000000e-01 4.000000000000000e-01 4.062500000000000e-01 4.125000000000000e-01 4.187500000000000e-01 4.250000000000000e-01 4.312500000000000e-01 4.375000000000000e-01 ...
4.437500000000000e-01 4.500000000000000e-01 4.562500000000000e-01 4.625000000000000e-01 4.687500000000000e-01 4.750000000000000e-01 4.812500000000000e-01 4.875000000000000e-01 ...
4.937500000000000e-01 5.000000000000000e-01 5.062500000000000e-01 5.125000000000001e-01 5.187500000000000e-01 5.250000000000000e-01 5.312500000000000e-01 5.375000000000000e-01 ...
5.437500000000001e-01 5.500000000000000e-01 5.562500000000000e-01 5.625000000000000e-01 5.687500000000000e-01 5.750000000000001e-01 5.812500000000000e-01 5.875000000000000e-01 ...
5.937500000000000e-01 6.000000000000001e-01 6.062500000000001e-01 6.125000000000000e-01 6.187500000000000e-01 6.250000000000000e-01 6.312500000000001e-01 6.375000000000001e-01 ...
6.437500000000000e-01 6.500000000000000e-01 6.562500000000000e-01 6.625000000000001e-01 6.687500000000001e-01 6.750000000000000e-01 6.812500000000000e-01 6.875000000000000e-01 ...
6.937500000000001e-01 7.000000000000001e-01 7.062500000000000e-01 7.125000000000000e-01 7.187500000000000e-01 7.250000000000001e-01 7.312500000000001e-01 7.375000000000000e-01 ...
7.437500000000000e-01 7.500000000000000e-01 7.562500000000001e-01 7.625000000000001e-01 7.687500000000000e-01 7.750000000000000e-01 7.812500000000000e-01 7.875000000000001e-01 ...
7.937500000000001e-01 8.000000000000000e-01 8.062500000000000e-01 8.125000000000000e-01 8.187500000000001e-01 8.250000000000001e-01 8.312500000000000e-01 8.375000000000000e-01 ...
8.437500000000000e-01 8.500000000000001e-01 8.562500000000001e-01 8.625000000000000e-01 8.687500000000000e-01 8.750000000000000e-01 8.812500000000001e-01 8.875000000000001e-01 ...
8.937500000000000e-01 9.000000000000000e-01 9.062500000000000e-01 9.125000000000001e-01 9.187500000000001e-01 9.250000000000000e-01 9.312500000000000e-01 9.375000000000000e-01 ...
9.437500000000001e-01 9.500000000000001e-01 9.562500000000000e-01 9.625000000000000e-01 9.687500000000000e-01 9.750000000000001e-01 9.812500000000001e-01 9.875000000000000e-01 ...
9.937500000000000e-01 1.000000000000000e+00 1.006250000000000e+00 ];
u=[-8.200597184954854e-06 0.000000000000000e+00 8.172249452518025e-06 1.631615117259922e-05 2.440345575984362e-05 3.240611013683279e-05 4.029635485907333e-05 4.804682040639255e-05 ...
5.563062212177243e-05 6.302145346830047e-05 7.019367728074880e-05 7.712241469525094e-05 8.378363144859790e-05 9.015422124780082e-05 9.621208592072956e-05 1.019362120698019e-04 ...
1.073067439628292e-04 1.123050524081755e-04 1.169137993753184e-04 1.211169981366557e-04 1.249000687219409e-04 1.282498884929868e-04 1.311548376632054e-04 1.336048396040872e-04 ...
1.355913957988050e-04 1.371076153216954e-04 1.381482387413620e-04 1.387096563644835e-04 1.387899207570446e-04 1.383887534995555e-04 1.375075461528271e-04 1.361493554309542e-04 ...
1.343188925982473e-04 1.320225071268949e-04 1.292681646720441e-04 1.260654194406977e-04 1.224253810502762e-04 1.183606759918027e-04 1.138854038313885e-04 1.090150883019446e-04 ...
1.037666234547742e-04 9.815821505783077e-05 9.220931744392166e-05 8.594056602791420e-05 7.937370572702941e-05 7.253151553251581e-05 6.543772949434849e-05 5.811695439304036e-05 ...
5.059458438414272e-05 4.289671291151610e-05 3.505004219492344e-05 2.708179060591422e-05 1.901959825329167e-05 1.089143110566627e-05 2.725483983673555e-06 -5.449917241645421e-06 ...
-1.360641390504853e-05 -2.171571291705299e-05 -2.974968490642774e-05 -3.768046179478352e-05 -4.548053346479539e-05 -5.312284318673746e-05 -6.058088147231577e-05 -6.782877803024127e-05 ...
-7.484139150456940e-05 -8.159439668452337e-05 -8.806436888328983e-05 -9.422886519309532e-05 -1.000665023347077e-04 -1.055570308313195e-04 -1.106814052495206e-04 -1.154218502637098e-04 ...
-1.197619223147820e-04 -1.236865666492112e-04 -1.271821695406730e-04 -1.302366055130609e-04 -1.328392794010909e-04 -1.349811631025954e-04 -1.366548268950194e-04 -1.378544652074915e-04 ...
-1.385759167590691e-04 -1.388166789933057e-04 -1.385759167590677e-04 -1.378544652074885e-04 -1.366548268950152e-04 -1.349811631025897e-04 -1.328392794010838e-04 -1.302366055130524e-04 ...
-1.271821695406631e-04 -1.236865666491999e-04 -1.197619223147693e-04 -1.154218502636959e-04 -1.106814052495053e-04 -1.055570308313030e-04 -1.000665023346899e-04 -9.422886519307630e-05 ...
-8.806436888326958e-05 -8.159439668450197e-05 -7.484139150454682e-05 -6.782877803021761e-05 -6.058088147229102e-05 -5.312284318671167e-05 -4.548053346476859e-05 -3.768046179475577e-05 ...
-2.974968490639907e-05 -2.171571291702345e-05 -1.360641390501816e-05 -5.449917241614269e-06 2.725483983705435e-06 1.089143110569884e-05 1.901959825332487e-05 2.708179060594801e-05 ...
3.505004219495777e-05 4.289671291155089e-05 5.059458438417799e-05 5.811695439307595e-05 6.543772949438445e-05 7.253151553255198e-05 7.937370572706586e-05 8.594056602795075e-05 ...
9.220931744395832e-05 9.815821505786754e-05 1.037666234548108e-04 1.090150883019813e-04 1.138854038314249e-04 1.183606759918391e-04 1.224253810503123e-04 1.260654194407335e-04 ...
1.292681646720796e-04 1.320225071269299e-04 1.343188925982819e-04 1.361493554309883e-04 1.375075461528606e-04 1.383887534995884e-04 1.387899207570769e-04 1.387096563645150e-04 ...
1.381482387413927e-04 1.371076153217253e-04 1.355913957988340e-04 1.336048396041154e-04 1.311548376632325e-04 1.282498884930129e-04 1.249000687219660e-04 1.211169981366798e-04 ...
1.169137993753413e-04 1.123050524081973e-04 1.073067439628497e-04 1.019362120698213e-04 9.621208592074764e-05 9.015422124781761e-05 8.378363144861331e-05 7.712241469526508e-05 ...
7.019367728076155e-05 6.302145346831190e-05 5.563062212178248e-05 4.804682040640117e-05 4.029635485908057e-05 3.240611013683859e-05 2.440345575984802e-05 1.631615117260215e-05 ...
8.172249452519524e-06 5.098575438155185e-20 -8.200597184956270e-06 ];
