Local discretization: 
	nx: 16
	n1a: 0
	n1b: 16
	nd1: 19
 X -- X -- X -- ....... -- X -- X
-1    0         .......    16    17 
-0.1	0.0	0.1	0.1	0.2	0.2	0.3	0.4	0.4	0.5	0.6	0.6	0.7	0.8	0.8	0.9	0.9	1.0	1.1	
u_l(x, 0): [	9.697265625e-01	1.000000000e+00	1.032226562e+00	1.066406250e+00	1.102539062e+00	1.140625000e+00	1.180664062e+00	1.222656250e+00	1.266601562e+00	1.312500000e+00	1.360351562e+00	1.410156250e+00	1.461914062e+00	1.515625000e+00	1.571289062e+00	1.628906250e+00	1.688476562e+00	1.750000000e+00	1.813476562e+00		]
step= 1, t= 1.724e-02, maxErr=  4.66e-16
step= 2, t= 3.448e-02, maxErr=  5.44e-16
step= 3, t= 5.172e-02, maxErr=  3.92e-16
step= 4, t= 6.897e-02, maxErr=  2.40e-16
step= 5, t= 8.621e-02, maxErr=  3.54e-16
step= 6, t= 1.034e-01, maxErr=  9.92e-16
step= 7, t= 1.207e-01, maxErr=  3.62e-16
step= 8, t= 1.379e-01, maxErr=  3.84e-16
step= 9, t= 1.552e-01, maxErr=  4.89e-16
step= 10, t= 1.724e-01, maxErr=  4.21e-16
step= 11, t= 1.897e-01, maxErr=  2.93e-16
step= 12, t= 2.069e-01, maxErr=  2.78e-16
step= 13, t= 2.241e-01, maxErr=  2.58e-16
step= 14, t= 2.414e-01, maxErr=  5.02e-16
step= 15, t= 2.586e-01, maxErr=  4.82e-16
step= 16, t= 2.759e-01, maxErr=  6.34e-16
step= 17, t= 2.931e-01, maxErr=  7.85e-16
step= 18, t= 3.103e-01, maxErr=  8.39e-16
step= 19, t= 3.276e-01, maxErr=  1.13e-15
step= 20, t= 3.448e-01, maxErr=  7.17e-16
step= 21, t= 3.621e-01, maxErr=  4.69e-16
step= 22, t= 3.793e-01, maxErr=  1.40e-15
step= 23, t= 3.966e-01, maxErr=  4.45e-16
step= 24, t= 4.138e-01, maxErr=  1.93e-16
step= 25, t= 4.310e-01, maxErr=  2.78e-16
step= 26, t= 4.483e-01, maxErr=  1.16e-15
step= 27, t= 4.655e-01, maxErr=  1.57e-15
step= 28, t= 4.828e-01, maxErr=  7.81e-16
step= 29, t= 5.000e-01, maxErr=  3.39e-16
uLocal: [ 	1.115185546875000e+00	1.150000000000000e+00	1.187060546875000e+00	1.226367187500000e+00	1.267919921875000e+00	1.311718750000000e+00	1.357763671875000e+00	1.406054687500000e+00	1.456591796875000e+00	1.509375000000000e+00	1.564404296875000e+00	1.621679687500000e+00	1.681201171875000e+00	1.742968750000000e+00	1.806982421875000e+00	1.873242187500000e+00	1.941748046875000e+00	2.012500000000000e+00	2.085498046875000e+00	]
recvCount: 19 	
displacement: 0 	
NTot: 19
maxErr local : 3.387047587e-16
maxErr global: 3.387047587e-16
uFinal: [	1.115185547e+00	1.150000000e+00	1.187060547e+00	1.226367187e+00	1.267919922e+00	1.311718750e+00	1.357763672e+00	1.406054687e+00	1.456591797e+00	1.509375000e+00	1.564404297e+00	1.621679687e+00	1.681201172e+00	1.742968750e+00	1.806982422e+00	1.873242188e+00	1.941748047e+00	2.012500000e+00	2.085498047e+00	]
