Local discretization: 
	nx: 8
	n1a: 0
	n1b: 8
	nd1: 11
 X -- X -- X -- ....... -- X -- X
-1    0         .......    8    9 
-0.1	0.0	0.1	0.1	0.2	0.2	0.3	0.4	0.4	0.5	0.6	
u_l(x, 0): [	9.697265625e-01	1.000000000e+00	1.032226562e+00	1.066406250e+00	1.102539062e+00	1.140625000e+00	1.180664062e+00	1.222656250e+00	1.266601562e+00	1.312500000e+00	1.360351562e+00		]
step= 1, t= 1.724e-02, maxErr=  4.66e-16
step= 2, t= 3.448e-02, maxErr=  1.90e-16
step= 3, t= 5.172e-02, maxErr=  2.22e-16
step= 4, t= 6.897e-02, maxErr=  1.88e-16
step= 5, t= 8.621e-02, maxErr=  3.25e-16
step= 6, t= 1.034e-01, maxErr=  3.26e-16
step= 7, t= 1.207e-01, maxErr=  3.62e-16
step= 8, t= 1.379e-01, maxErr=  3.84e-16
step= 9, t= 1.552e-01, maxErr=  4.89e-16
step= 10, t= 1.724e-01, maxErr=  4.21e-16
step= 11, t= 1.897e-01, maxErr=  2.41e-16
step= 12, t= 2.069e-01, maxErr=  2.78e-16
step= 13, t= 2.241e-01, maxErr=  2.58e-16
step= 14, t= 2.414e-01, maxErr=  5.02e-16
step= 15, t= 2.586e-01, maxErr=  3.71e-16
step= 16, t= 2.759e-01, maxErr=  5.71e-16
step= 17, t= 2.931e-01, maxErr=  1.46e-16
step= 18, t= 3.103e-01, maxErr=  5.83e-16
step= 19, t= 3.276e-01, maxErr=  5.12e-16
step= 20, t= 3.448e-01, maxErr=  3.98e-16
step= 21, t= 3.621e-01, maxErr=  4.69e-16
step= 22, t= 3.793e-01, maxErr=  3.76e-16
step= 23, t= 3.966e-01, maxErr=  4.32e-16
step= 24, t= 4.138e-01, maxErr=  1.26e-16
step= 25, t= 4.310e-01, maxErr=  2.78e-16
step= 26, t= 4.483e-01, maxErr=  3.73e-16
step= 27, t= 4.655e-01, maxErr=  3.16e-16
step= 28, t= 4.828e-01, maxErr=  7.81e-16
step= 29, t= 5.000e-01, maxErr=  2.50e-16
uLocal: [ 	1.115185546875000e+00	1.150000000000000e+00	1.187060546875000e+00	1.226367187500000e+00	1.267919921875000e+00	1.311718750000000e+00	1.357763671875000e+00	1.406054687500000e+00	1.456591796875000e+00	1.509375000000000e+00	1.564404296875000e+00	]
recvCount: 10 	9 	
displacement: 0 	10 	
NTot: 19
maxErr local : 2.498001805e-16
maxErr global: 3.387047587e-16
uFinal: [	1.115185547e+00	1.150000000e+00	1.187060547e+00	1.226367187e+00	1.267919922e+00	1.311718750e+00	1.357763672e+00	1.406054687e+00	1.456591797e+00	1.509375000e+00	1.564404297e+00	1.621679687e+00	1.681201172e+00	1.742968750e+00	1.806982422e+00	1.873242188e+00	1.941748047e+00	2.012500000e+00	2.085498047e+00	]
